0.83333	0.28571	0.09302	0.0265	0.00001	0.01886	0.02278	0.00187	0.00775	0.01394	0.07283	0.00082	0.00006	0.00026	0.02117	0	0
0.83333	1	0.4186	0.42443	0.04167	0.03694	0.03558	0.01835	0.01455	0.07306	0.09655	0.01854	0.04662	0.0139	0.84419	0.01453	0
0.83333	0.42857	0.11628	0.05352	0	0.04011	0.03241	0.00501	0.01637	0.03626	0.14856	0.00204	0.00003	0.00062	0.00151	0	-1
0.83333	1	0.37209	0.21473	0.00076	0.03041	0.01756	0.00271	0.00964	0.03655	0.15222	0.00278	0.00058	0.00147	0.01738	0.00158	0
1	1	0.27907	0.38732	0.04338	0.14222	0.26245	0.06023	0.06469	0.06339	0.1926	0.03272	0.00748	0.01341	0.05353	0.06353	0
0.66667	0.71429	0.23256	0.17743	0.00001	0.00176	0.00075	0.00058	0.00034	0.12601	0.11615	0.00122	0.00019	0.00082	0.00862	0.00088	0
0.83333	0.85714	0.2093	0.2843	0.11886	0.10902	0.07305	0.02024	0.02719	0.05235	0.12567	0.02689	0.00536	0.01162	0.21525	0.03028	0
0.83333	0.14286	0.02326	0.06135	0.02135	0.03524	0.09835	0.04255	0.01637	0.0834	0.13534	0.02341	0.02779	0.0164	0.06031	0	0
0.83333	1	0.2093	0.28363	0.01251	0.08744	0.07149	0.01182	0.01264	0.04169	0.16353	0.00985	0.01283	0.02176	0.30471	0.00245	0
0.66667	1	0.44186	0.23259	0.0074	0.01303	0.01359	0.00924	0.00848	0.07425	0.07457	0.00725	0.00023	0.01047	0.01833	0.00665	0
0.83333	1	0.18605	0.29287	0.09424	0.08222	0.07563	0.01194	0.01249	0.03766	0.14852	0.01183	0.03305	0.00525	0.0342	0.00595	0
0.83333	1	0.16279	0.23696	0.01805	0.07686	0.04342	0.0093	0.01083	0.05958	0.19177	0.01116	0.02192	0.00381	0.0774	0.00595	0
0.16667	0.71429	0.11628	0.4235	0.00845	0.00551	0.01596	0.01045	0.00276	0.15401	0.16825	0.01147	0.07345	0.04121	0.36348	0	0
0.83333	1	0.16279	0.23747	0.01343	0.12132	0.08049	0.01088	0.01182	0.03051	0.14344	0.00603	0.00298	0.00381	0.0689	0.00263	0
0.33333	0.85714	0.2093	0.38086	0.00961	0.00226	0.00185	0.0008	0.00115	0.19306	0.32136	0.00374	0.1126	0.00695	0.06772	0.00053	1
0.83333	0.85714	0.18605	0.17781	0.00026	0.0751	0.04975	0.02644	0.028	0.07152	0.09356	0.01269	0.00209	0.00692	0.02552	0	0
0.83333	1	0.44186	0.53346	0.00684	0.03312	0.02621	0.00699	0.00893	0.06609	0.16998	0.0084	0.00641	0.00437	0.07434	0.00945	0
0.66667	0.85714	0.25581	0.15679	0.00033	0.00398	0.00124	0.0006	0.00055	0.07413	0.10513	0.00096	0.00006	0.00056	0.00067	0.00018	1
0.83333	0.57143	0.13953	0.14646	0	0.07619	0.04564	0.00419	0.01465	0.03818	0.27667	0.00176	0.00011	0.00103	0.00748	0	-1
1	1	0.18605	0.39889	0.01842	0.21559	0.73522	0.06846	0.0728	0.03817	0.28172	0.03594	0.02908	0.02396	0.00552	0.01225	0
0.83333	1	0.32558	0.21509	0	0.02443	0.019	0.00453	0.00825	0.03969	0.10662	0.00247	0.00009	0.00176	0.0065	0.00035	0
0.83333	0.42857	0.25581	0.16294	0.00139	0.03729	0.03228	0.01095	0.01253	0.0476	0.09373	0.00477	0.00154	0.00214	0.02324	0	0
0.66667	0.85714	0.25581	0.33005	0	0.0048	0.0024	0.00068	0.00055	0.12947	0.33105	0.00081	0.00005	0.00028	0.00025	0	1
0.83333	1	0.32558	0.54949	0.03212	0.0222	0.02158	0.00879	0.00769	0.11241	0.19781	0.01279	0.01068	0.003	0.03891	0.01785	0
0.66667	1	0.62791	0.33579	0.00014	0.00131	0.00059	0.00057	0.00006	0.08483	0.06047	0.00051	0.00079	0.00008	0.00215	0	-1
1	0.85714	0.2093	0.43011	0.02378	0.25107	0.53604	0.16067	0.10368	0.05514	0.1251	0.06715	0.03377	0.0295	0.39009	0.0812	0
0.83333	1	0.23256	0.2913	0.02009	0.05836	0.09211	0.02609	0.03705	0.07934	0.20069	0.02351	0.00639	0.00472	0.18616	0.06475	0
0.83333	1	0.27907	0.35471	0.27711	0.08557	0.06544	0.03022	0.0275	0.09702	0.14816	0.02742	0.0198	0.01341	0.17391	0.06983	0
0.66667	0.14286	0.02326	0.12707	0	0.00678	0.02176	0.00724	0.00086	0.05994	0.12496	0.00198	0.00131	0.00205	0.00237	0.0007	1
0.83333	1	0.23256	0.33397	0.11578	0.07025	0.0834	0.03612	0.02042	0.06651	0.10365	0.04085	0.00643	0.02522	0.04212	0.01593	0
0.66667	1	0.34884	0.27003	0.01507	0.00515	0.00341	0.0023	0.0027	0.18141	0.19242	0.01128	0.00669	0.00554	0.02128	0.0042	1
0.66667	0.71429	0.18605	0.17268	0.00113	0.00457	0.00405	0.00313	0.00258	0.17316	0.16234	0.0049	0.00452	0.00269	0.00346	0	-1
0.83333	0.85714	0.23256	0.27187	0.00369	0.07779	0.0586	0.00734	0.01361	0.036	0.19249	0.006	0.00112	0.00215	0.02996	0.00578	0
0.66667	0.71429	0.27907	0.14245	0.00224	0.00343	0.00228	0.00133	0.00158	0.09076	0.1082	0.00272	0.00085	0.00325	0.01347	0.00053	1
0.83333	1	0.23256	0.1533	0.00027	0.03835	0.03297	0.01846	0.01878	0.06163	0.07405	0.00755	0.00076	0.00461	0.11955	0.00315	0
0.83333	0.28571	0.04651	0.04206	0	0.06257	0.05103	0.00831	0.01249	0.03843	0.16012	0.00231	0.00111	0.00256	0.02064	0	-1
0.83333	1	0.16279	0.38173	0.00745	0.0657	0.06238	0.01425	0.00825	0.05638	0.16885	0.01154	0.0024	0.00849	0.00714	0	-1
0.83333	0.14286	0.02326	0.03654	0.00304	0.04788	0.07024	0.01374	0.0336	0.05224	0.17831	0.01253	0.00192	0.00513	0.00438	0	-1
0.66667	0.57143	0.09302	0.17408	0.00007	0.00474	0.00166	0.00042	0.00022	0.02724	0.05808	0.00066	0.00004	0.00077	0.00039	0	0
0.83333	1	0.32558	0.24165	0.00065	0.03101	0.01585	0.00347	0.00677	0.04612	0.14188	0.00254	0.00047	0.00081	0.01364	0.00368	0
0.83333	1	0.23256	0.43915	0.22155	0.08705	0.18565	0.12746	0.05462	0.11307	0.11627	0.09186	0.13866	0.08314	0.03844	0.05635	0
0.83333	0.71429	0.13953	0.29678	0.00234	0.1688	0.09444	0.0146	0.01264	0.04602	0.20301	0.01148	0.01826	0.00461	0.05807	0.00753	0
1	0.85714	0.16279	0.21873	0.00144	0.35132	0.26369	0.04039	0.07176	0.03103	0.13042	0.01441	0.00245	0.00718	0.00349	0	-1
0.83333	0.85714	0.25581	0.31278	0.0221	0.09068	0.06393	0.00978	0.01042	0.03366	0.13901	0.0092	0.00168	0.00531	0.00736	0	-1
0.83333	0.85714	0.16279	0.23857	0.00726	0.07531	0.05686	0.00528	0.00923	0.03619	0.26027	0.00419	0.00107	0.00176	0.03317	0	-1
1	0.85714	0.23256	0.41998	0.03179	0.18923	0.24869	0.05665	0.0604	0.07447	0.23316	0.0332	0.01029	0.01005	0.49611	0.09363	0
0.83333	0.85714	0.16279	0.71536	0.07669	0.07189	0.07244	0.03087	0.01022	0.08946	0.14792	0.0236	0.0156	0.00835	0.06934	0.00018	0
0.83333	1	0.18605	0.47228	0.00474	0.04173	0.05336	0.0157	0.00732	0.04955	0.11316	0.00907	0.01631	0.00577	0.03007	0	-1
0.83333	0.85714	0.23256	0.36812	0.00075	0.05967	0.05802	0.01393	0.00999	0.03756	0.09888	0.01032	0.00627	0.00554	0.0398	0.00315	0
0.83333	0.42857	0.11628	0.11772	0.0085	0.09893	0.05316	0.0073	0.01189	0.02774	0.12417	0.0058	0.00062	0.00226	0.02873	0.0007	0
0.83333	1	0.39535	0.69438	0.06869	0.0672	0.13574	0.03608	0.03097	0.06572	0.17398	0.03505	0.02507	0.01821	0.13325	0.0693	0
1	0.85714	0.13953	0.4509	0.26417	0.3108	0.96857	0.14325	0.07611	0.04086	0.1796	0.11562	0.08128	0.0709	0.06357	0.10291	0
0.83333	0.85714	0.13953	0.15128	0.00001	0.04999	0.03622	0.00591	0.00818	0.02822	0.10034	0.00396	0.00073	0.00308	0.0304	0	0
0.66667	1	0.2093	0.31724	0	0.00151	0.0014	0.00044	0	0.02734	0.05296	0.00033	0.00005	0.00011	0.0005	0	0
0.83333	0.42857	0.06977	0.06965	0.00406	0.10254	0.05662	0.01167	0.01838	0.0375	0.11797	0.01099	0.00124	0.00854	0.03679	0.00333	0
0.66667	0.71429	0.2093	0.1017	0	0.00196	0.00101	0.00028	0.00038	0.02644	0.05665	0.00015	0.00002	0	0.03551	0	0
0.66667	0.28571	0.04651	0.03394	0	0.00226	0.00247	0.00078	0.00086	0.02468	0.04213	0.00066	0.00222	0.00103	0.0096	0	-1
0.66667	0.42857	0.16279	0.09769	0.00141	0.00168	0.00039	0.00032	0.00049	0.17696	0.15839	0.00151	0.0001	0	0.00179	0	-1
0.66667	0.14286	0.02326	0.00203	0	0.00045	0.00002	0.00007	0	0.63332	0.1599	0	0	0	0.00159	0	-1
1	1	0.18605	0.33384	0.05413	0.39934	0.79474	0.44131	0.27657	0.10632	0.13607	0.31166	0.03524	0.15082	0.21695	0.25709	0
0.83333	0.85714	0.13953	0.19512	0.0133	0.07424	0.05991	0.00861	0.01077	0.03178	0.13882	0.00709	0.00752	0.00239	0.00633	0.00193	0
0.83333	0.85714	0.2093	0.63362	0.01944	0.03268	0.05503	0.03198	0.01235	0.11023	0.1351	0.01942	0.00955	0.00877	0.04243	0.01505	0
1	1	0.32558	0.38915	0.01297	0.10448	0.16131	0.05205	0.04708	0.0603	0.12797	0.0427	0.01104	0.01992	0.40375	0.17956	0
1	1	0.30233	0.44905	0.22545	0.36355	0.40768	0.26718	0.29492	0.19816	0.22137	0.23764	0.23942	0.11876	0.76051	0.71631	0
1	1	0.27907	0.36905	0.2055	0.24823	0.38045	0.18161	0.21101	0.15065	0.22818	0.14268	0.05447	0.03366	0.21051	0.66713	0
1	0.85714	0.16279	0.24972	0.02239	0.73227	0.52896	0.2377	0.5215	0.30861	0.50873	0.20004	0.1418	0.03515	0.18064	0.62548	0
0.83333	0.85714	0.16279	0.21509	0.00011	0.09364	0.0943	0.05633	0.03249	0.07393	0.08519	0.0171	0.00244	0.00967	0.07972	0.00035	0
0.83333	1	0.25581	0.44317	0.29105	0.043	0.02811	0.0129	0.01347	0.15751	0.24905	0.02242	0.02259	0.0109	0.02159	0.0245	0
0.83333	0.85714	0.25581	0.16215	0.00001	0.03721	0.01768	0.0059	0.00822	0.03976	0.07706	0.00162	0.00021	0.0014	0.00973	0.0007	0
0.83333	1	0.4186	0.4304	0	0.03488	0.0212	0.00293	0.00823	0.07116	0.3559	0.00161	0.00011	0.00091	0.00379	0.00105	0
0.83333	0.85714	0.2093	0.27082	0.00306	0.09471	0.04862	0.0237	0.01838	0.08244	0.11897	0.0096	0.04105	0.00308	0.0427	0	0
0.83333	0.85714	0.16279	0.30685	0.00019	0.03769	0.03065	0.01131	0.00603	0.05584	0.10339	0.00744	0.00503	0.00674	0.15046	0.00105	0
0.83333	1	0.2093	0.24282	0.04787	0.14953	0.10518	0.07537	0.13823	0.29444	0.30265	0.14566	0.13361	0.10376	0.13333	0.22331	0
0.83333	1	0.25581	0.43212	0.00173	0.1701	0.12261	0.0604	0.05961	0.14494	0.21249	0.02293	0.04131	0.0069	0.0364	0.18988	0
0.83333	0.85714	0.25581	0.31023	0.03926	0.05211	0.03966	0.01412	0.0141	0.06609	0.12566	0.02188	0.00276	0.01333	0.08764	0.0133	0
0.83333	0.85714	0.13953	0.20902	0.00267	0.07009	0.09482	0.07088	0.08487	0.26131	0.25743	0.02967	0.03983	0.00427	0.09492	0.22646	0
0.83333	1	0.16279	0.27742	0.00242	0.06996	0.08693	0.04754	0.04419	0.1577	0.20979	0.02958	0.08187	0.01186	0.04895	0.04183	0
0.83333	0.85714	0.16279	0.19863	0.0023	0.01291	0.02428	0.00764	0.0096	0.0664	0.14693	0.00509	0.04298	0.00088	0.0022	0	0
0.83333	1	0.23256	0.30391	0.01154	0.26838	0.38367	0.35859	0.23176	0.22284	0.17459	0.15361	0.02324	0.10671	0.28077	0.63371	0
0.83333	1	0.30233	0.38728	0.28603	0.07676	0.07577	0.06214	0.07476	0.21714	0.19267	0.10502	0.04352	0.03927	0.65535	0.17133	0
0.83333	0.85714	0.13953	0.2802	0.09753	0.22738	0.13578	0.04534	0.03633	0.08444	0.17984	0.0699	0.12058	0.01828	0.03916	0.077	0
0.83333	1	0.34884	0.49033	0.06644	0.06632	0.03422	0.01455	0.01499	0.0937	0.15427	0.01897	0.01459	0.00806	0.18451	0.01715	0
0.83333	0.71429	0.16279	0.27289	0.00083	0.40282	0.92946	0.38531	0.36125	0.09561	0.16649	0.09529	0.01617	0.06092	0.0147	0.21351	0
0.83333	0.85714	0.18605	0.15561	0.00014	0.09667	0.0349	0.00665	0.01712	0.03611	0.12696	0.00651	0.00515	0.00474	0.90912	0.00193	0
0.83333	1	0.2093	0.2245	0.08572	0.08538	0.04386	0.01542	0.02479	0.10529	0.21257	0.04667	0.02815	0.01355	0.04759	0.03518	0
0.83333	1	0.23256	0.40625	0.01898	0.06496	0.04558	0.01295	0.01206	0.056	0.13002	0.02166	0.01034	0.01691	0.03244	0.0077	0
0.83333	0.85714	0.16279	0.35538	0.01453	0.25652	0.13093	0.03196	0.02782	0.06136	0.1751	0.03193	0.07545	0.00688	0.03994	0.03273	0
0.83333	0.71429	0.11628	0.18031	0.00098	0.15865	0.18945	0.13283	0.14526	0.23002	0.24098	0.05684	0.02469	0.02317	0.05113	0.21684	0
0.83333	1	0.25581	0.40171	0.00167	0.0522	0.0481	0.00981	0.01159	0.07223	0.23837	0.00938	0.00708	0.00568	0.02806	0.00298	0
0.83333	1	0.18605	0.24995	0.00869	0.15427	0.09856	0.01525	0.02595	0.05721	0.26174	0.01999	0.01706	0.01589	0.10731	0.00473	0
0.83333	1	0.27907	0.30612	0.00806	0.08101	0.03737	0.01122	0.01536	0.06751	0.15309	0.01385	0.01464	0.00786	0.05439	0.0105	0
0.83333	1	0.27907	0.59955	0.0795	0.07875	0.10485	0.08702	0.05062	0.19155	0.16813	0.07179	0.01576	0.05903	0.07676	0.08173	0
0.83333	0.42857	0.06977	0.04658	0.02684	0.10586	0.05148	0.01374	0.03446	0.05841	0.14806	0.00648	0.00072	0.01196	0.0301	0	0
0.83333	1	0.18605	0.35116	0.00437	0.25461	0.73385	0.30509	0.26084	0.13528	0.23125	0.17	0.08492	0.0665	0.15977	0.46342	0
0.83333	1	0.30233	0.40861	0.12211	0.10109	0.06765	0.03074	0.02684	0.08461	0.12782	0.03911	0.01909	0.03493	0.07883	0.02433	0
0.83333	0.71429	0.11628	0.1789	0.01478	0.19596	0.10829	0.07222	0.05979	0.14051	0.15205	0.03877	0.01589	0.0162	0.07135	0.13231	0
0.83333	1	0.2093	0.1791	0.00046	0.19405	0.07989	0.00919	0.02566	0.02683	0.15177	0.00484	0.00205	0.00251	0.34211	0.00088	0
0.83333	1	0.37209	0.56172	0.01599	0.05669	0.08915	0.07842	0.0392	0.15101	0.1234	0.04286	0.01448	0.02838	0.25718	0.17203	0
0.83333	1	0.2093	0.32801	0.03605	0.05165	0.05736	0.03328	0.02068	0.09447	0.11385	0.02934	0.05483	0.02278	0.01437	0.01505	0
0.83333	1	0.16279	0.2715	0.00741	0.11945	0.1634	0.07953	0.07077	0.1147	0.16899	0.02854	0.01936	0.01567	0.01629	0.06633	0
0.83333	0.85714	0.16279	0.23655	0.01828	0.10416	0.05097	0.00547	0.01169	0.05619	0.36021	0.01493	0.01381	0.00395	0.0294	0.00543	0
0.83333	1	0.2093	0.27795	0.01291	0.18155	0.24517	0.0829	0.14733	0.05769	0.11605	0.04422	0.11809	0.01834	0.10881	0.0574	0
0.83333	1	0.2093	0.20297	0.00298	0.06465	0.08927	0.04127	0.02661	0.04779	0.06756	0.01231	0.01318	0.00729	0.00455	0.0014	0
0.83333	0.28571	0.04651	0.06618	0.00133	0.06573	0.033	0.00443	0.00689	0.03222	0.15369	0.00264	0.03382	0.00256	0.04541	0.00018	0
0.83333	0.85714	0.16279	0.21512	0.00092	0.14223	0.12877	0.07509	0.07373	0.141	0.17497	0.01945	0.01378	0.00893	0.08449	0.15751	0
0.83333	0.71429	0.16279	0.16171	0.00456	0.37327	0.10305	0.01072	0.03508	0.02463	0.14933	0.00575	0.01066	0.00249	0.00167	0.00123	0
0.83333	1	0.16279	0.37656	0.81717	0.17979	0.21311	0.13444	0.10314	0.19235	0.22327	0.16937	0.3229	0.07381	0.10474	0.30277	0
0.83333	0.85714	0.16279	0.22019	0.00486	0.1312	0.05445	0.00956	0.01391	0.04966	0.19281	0.00834	0.01185	0.0082	0.0094	0.00298	0
0.83333	1	0.62791	0.32175	0	0.03831	0.01648	0.00241	0.00909	0.03243	0.14344	0.00104	0.00043	0.0003	0.00285	0.00228	0
0.83333	1	0.2093	0.35509	0.23906	0.17673	0.11804	0.04254	0.04528	0.12942	0.25839	0.06253	0.10277	0.02517	0.02862	0.13301	0
0.83333	1	0.2093	0.38982	0.01666	0.07117	0.06186	0.03913	0.02192	0.12919	0.14749	0.01707	0.00197	0.0131	0.16206	0.03465	0
0.83333	1	0.16279	0.29977	0.02205	0.20425	0.07235	0.01486	0.0176	0.06869	0.22843	0.02906	0.08413	0.01377	0.04968	0.01085	0
0.83333	1	0.30233	0.39807	0.00081	0.04319	0.04463	0.00869	0.01259	0.04427	0.14813	0.00971	0.04299	0.00323	0.29957	0.00088	0
0.83333	1	0.25581	0.27085	0.04188	0.08029	0.1156	0.03873	0.04997	0.04855	0.09682	0.01789	0.00476	0.01025	0.03833	0.00753	0
0.83333	0.57143	0.13953	0.09278	0	0.11278	0.03096	0.00336	0.02944	0.03509	0.21245	0.00517	0.0016	0.00051	0.06887	0	0
0.83333	1	0.48837	0.36499	0.07294	0.08075	0.0361	0.01029	0.02322	0.08209	0.20121	0.02364	0.0054	0.00552	0.06708	0.04288	0
0.83333	1	0.16279	0.33142	0.00689	0.13062	0.08088	0.02693	0.02548	0.10142	0.2176	0.0251	0.02142	0.00893	0.00742	0.04673	0
0.83333	0.85714	0.18605	0.3044	0.19517	0.28996	0.20601	0.15439	0.28873	0.46181	0.4586	0.2575	0.11757	0.05395	0.18641	0.66538	0
0.83333	0.85714	0.13953	0.20739	0.00124	0.19462	0.12356	0.05101	0.05198	0.1083	0.18771	0.0194	0.01579	0.00598	0.01456	0.09328	0
0.83333	1	0.16279	0.40216	0.09944	0.21258	0.14913	0.05772	0.03926	0.10486	0.19385	0.06778	0.13023	0.01508	0.03065	0.15733	0
0.83333	1	0.16279	0.41375	0.09636	0.15043	0.10008	0.04813	0.03705	0.17576	0.26724	0.06057	0.07335	0.01787	0.02932	0.09643	0
0.66667	1	0.39535	0.20363	0	0.00098	0.00039	0.00033	0	0.10643	0.08973	0.00037	0.00019	0.00006	0.00463	0	0
0.66667	0.85714	0.25581	0.17781	0	0.00115	0.00036	0.00037	0.00016	0.18773	0.13219	0.00039	0.00099	0.00009	0.00003	0	0
0.66667	0.85714	0.23256	0.22601	0.00252	0.00664	0.01184	0.00721	0.00422	0.07027	0.07655	0.00963	0.00134	0.01927	0.04865	0.00175	0
0.66667	0.42857	0.09302	0.09846	0.00007	0.00294	0.00206	0.00205	0.00086	0.12865	0.09129	0.00223	0.00106	0.00231	0.00042	0	0
0.66667	1	0.51163	0.25838	0	0.00142	0.00068	0.0003	0.00008	0.04437	0.06412	0.0003	0.00035	0.00042	0.00056	0	0
0.66667	0.71429	0.2093	0.237	0.0011	0.00296	0.00085	0.00144	0.00134	0.30518	0.13268	0.00253	0.0021	0.00114	0.00377	0.00123	1
0.66667	1	0.27907	0.22863	0	0.00083	0.00028	0.00017	0	0.09367	0.11064	0.00052	0.00016	0.00043	0.00159	0	0
0.66667	1	0.32558	0.34379	0.05593	0.005	0.0035	0.00249	0.00425	0.28208	0.29111	0.01003	0.00211	0.00308	0.00979	0.00613	1
0.66667	0.71429	0.27907	0.17197	0.00003	0.00128	0.00045	0.00028	0.00022	0.06969	0.07413	0.00016	0.00002	0.00026	0.00081	0	0
0.66667	1	0.37209	0.26798	0.01949	0.00615	0.00254	0.00148	0.00285	0.17073	0.20979	0.00645	0.0018	0.00103	0.02675	0.0049	1
0.66667	1	0.25581	0.39804	0.02956	0.00386	0.00273	0.00208	0.00305	0.50931	0.49594	0.00572	0.01388	0.00485	0.0046	0.00455	1
0.66667	1	0.25581	0.21299	0.00051	0.02275	0.02282	0.02241	0.01465	0.1155	0.08334	0.00812	0.00126	0.00606	0.01342	0.0098	1
0.66667	1	0.2093	0.13385	0.00003	0.00537	0.0015	0.00135	0.00105	0.16678	0.13335	0.00092	0.00214	0.00057	0.00318	0.00053	0
0.66667	0.85714	0.18605	0.24105	0.00003	0.01208	0.01352	0.01056	0.00614	0.15783	0.1458	0.004	0.00042	0.00256	0.00421	0	0
0.66667	0.28571	0.04651	0.06763	0	0.00203	0.00125	0.00144	0	0.16873	0.10347	0.00066	0.00016	0	0	0	0
0.66667	0.85714	0.32558	0.325	0.0069	0.00307	0.00216	0.00139	0.00105	0.08406	0.09014	0.00127	0.00022	0.00132	0.00204	0	1
0.66667	0.85714	0.44186	0.30098	0.00004	0.00183	0.00051	0.00053	0.00027	0.20137	0.13933	0.00083	0.00014	0.00022	0.001	0.0007	0
0.66667	0.85714	0.18605	0.20148	0.00498	0.00395	0.00231	0.00271	0.00258	0.30945	0.19319	0.00528	0.01043	0.00384	0.00192	0.00175	0
0.66667	0.85714	0.16279	0.27444	0.00159	0.00845	0.01166	0.0065	0.00357	0.11616	0.14787	0.00612	0.00562	0.00395	0.00996	0	1
0.66667	1	0.16279	0.32395	0.00534	0.00394	0.00299	0.00259	0.00209	0.26854	0.22618	0.00904	0.00192	0.0019	0.00192	0.00508	1
0.66667	0.57143	0.13953	0.11417	0.00004	0.00075	0.00018	0.00012	0	0.18163	0.18549	0.00005	0	0.00017	0.00031	0	0
0.66667	1	1	0.34471	0.00003	0.00167	0.00062	0.00033	0.00046	0.0996	0.13215	0.00053	0.00006	0.00017	0.00179	0.00018	0
0.66667	1	0.62791	0.21733	0.00038	0.00069	0.00023	0.00011	0	0.05255	0.06985	0.00013	0.00003	0.00015	0.00711	0	0
0.66667	0.85714	0.16279	0.33293	0.03586	0.09454	0.16765	0.10138	0.08136	0.12737	0.15283	0.08558	0.03566	0.02226	0.02377	0.11463	1
0.66667	0.28571	0.04651	0.06884	0	0.00136	0.00068	0.00033	0	0.06171	0.08387	0.00033	0	0	0.00056	0	0
0.66667	0.85714	0.39535	0.338	0	0.00128	0.00094	0.00057	0.00005	0.06443	0.07095	0.00167	0.00046	0.00163	0.00282	0.00018	0
0.66667	0.28571	0.04651	0.06844	0	0.02778	0.05543	0.02589	0.01422	0.05344	0.07628	0.01665	0.00359	0.00871	1	0	0
0.66667	0.42857	0.06977	0.06701	0	0.00136	0.00077	0.00066	0	0.09532	0.07608	0.0011	0.00016	0	0.00396	0	1
0.66667	1	0.27907	0.32471	0.00002	0.01126	0.00998	0.00539	0.00294	0.067	0.08359	0.0011	0.00052	0.0012	0.00047	0.00088	1
0.66667	1	0.37209	0.37772	0.02169	0.01496	0.01126	0.01028	0.01486	0.30944	0.24891	0.03107	0.01527	0.00948	0.03021	0.0378	1
0.66667	1	0.30233	1	0	0.00417	0.00992	0.00457	0.00073	0.04878	0.06803	0.00228	0.00057	0.00173	0.00139	0.00123	1
0.66667	0.85714	0.23256	0.18673	0.0001	0.00398	0.00177	0.00093	0.00069	0.10083	0.13319	0.00251	0.00058	0.00113	0.00304	0.00088	0
0.66667	0.85714	0.2093	0.26051	0	0.00136	0.00052	0.00053	0	0.08962	0.05824	0.00022	0.00002	0.00148	0.00128	0	1
0.66667	0.57143	0.2093	0.1127	0	0.00161	0.00065	0.00056	0.00057	0.10733	0.08596	0.00044	0.00001	0.00011	0.00159	0	0
0.66667	0.28571	0.04651	0.05217	0.00432	0.00384	0.00565	0.00092	0.00129	0.03151	0.11914	0.00495	0.00664	0.0041	0.00148	0	0
0.66667	0.71429	0.11628	0.13999	0.00001	0.00741	0.00931	0.00284	0.00293	0.06013	0.13187	0.0027	0.00319	0.00267	0.00338	0.00088	0
0.66667	1	0.30233	0.31777	0.00088	0.00507	0.00435	0.00369	0.00265	0.12625	0.1047	0.00449	0.00235	0.00355	0.00756	0.00298	0
0.66667	1	0.30233	0.31413	0	0.00434	0.00249	0.00181	0.00298	0.24381	0.2429	0.00738	0.00297	0.00126	0.03824	0.00455	1
0.66667	1	0.30233	0.28895	0.00011	0.00243	0.00163	0.00119	0.0008	0.15332	0.14975	0.00287	0.00044	0.00134	0.00393	0.00245	1
0.66667	0.71429	0.16279	0.15262	0.00141	0.00458	0.00167	0.0015	0.00098	0.17066	0.13697	0.00301	0.00042	0.00103	0.00103	0.00018	0
0.66667	1	0.67442	0.33946	0.00004	0.00171	0.00074	0.00038	0.00042	0.10531	0.14067	0.00053	0.00036	0.00095	0.00304	0.0007	0
0.66667	1	0.39535	0.38566	0	0.0034	0.00266	0.0014	0.00096	0.05919	0.07488	0.0006	0.00001	0.00054	0.00778	0.0007	0
0.66667	1	0.23256	0.29645	0.00075	0.00452	0.00313	0.00261	0.00181	0.17146	0.14934	0.00425	0.00321	0.00195	0.00181	0.00105	0
0.66667	0.71429	0.13953	0.1027	0	0.00188	0.00092	0.00095	0.00014	0.08514	0.05629	0.00038	0.00004	0.00017	0.00033	0	0
0.66667	0.57143	0.16279	0.16732	0.01116	0.00742	0.00226	0.00134	0.0016	0.14058	0.16941	0.00405	0.00376	0.0022	0.00179	0.0007	0
0.66667	1	0.23256	0.18398	0.00021	0.00181	0.00105	0.00061	0.00034	0.08371	0.09838	0.00204	0.00132	0.00062	0.04195	0.0007	0
0.66667	0.85714	0.23256	0.26063	0.00633	0.00434	0.00211	0.00213	0.00198	0.54258	0.39993	0.00359	0.00633	0.00113	0.0241	0.00228	1
0.66667	1	0.46512	0.35009	0	0.00185	0.00249	0.00083	0.00043	0.03254	0.05398	0.00091	0.00042	0.00051	0.00159	0.00088	0
0.66667	1	0.16279	0.33534	0.14552	0.0464	0.11264	0.07905	0.03545	0.10523	0.10471	0.07706	0.00734	0.08538	0.0381	0.02835	1
0.66667	0.57143	0.09302	0.18239	0.01328	0.01513	0.03063	0.02032	0.01034	0.0931	0.09811	0.01649	0.01987	0.01256	0.05077	0.00455	1
0.66667	1	0.55814	0.25637	0.00003	0.01312	0.00955	0.00477	0.00761	0.04697	0.06162	0.00104	0.00009	0.00107	0.00368	0.00105	1
0.66667	0.85714	0.16279	0.19138	0.00111	0.0049	0.00198	0.0009	0.00062	0.09048	0.13976	0.00231	0.00102	0.00132	0.00513	0.00035	0
0.66667	1	0.39535	0.23398	0.00048	0.00478	0.0015	0.00111	0.00152	0.13806	0.13412	0.00161	0.00036	0.00181	0.00162	0.00088	1
0.66667	1	0.18605	0.29369	0.00421	0.01869	0.0225	0.01022	0.01055	0.10873	0.16996	0.02971	0.02185	0.00923	0.00862	0.01768	0
0.66667	0.85714	0.16279	0.23637	0.01548	0.0049	0.00335	0.00357	0.00283	0.22415	0.15317	0.01286	0.01091	0.00395	0.00686	0.00385	1
0.66667	1	0.18605	0.38907	0.00989	0.00999	0.01027	0.00534	0.00517	0.1928	0.27145	0.01212	0.00842	0.00179	0.0072	0.0105	0
0.66667	0.28571	0.09302	0.08839	0.00001	0.00147	0.00056	0.00057	0.00065	0.27943	0.20126	0.00082	0.00028	0	0.00025	0.00053	0
0.66667	1	0.16279	0.25702	0.00614	0.06699	0.11946	0.09018	0.06265	0.14099	0.13512	0.05077	0.09202	0.03617	0.01766	0.06003	1
0.66667	0.71429	0.23256	0.32403	0.06854	0.00447	0.00312	0.00259	0.00233	0.24927	0.21791	0.01151	0.0013	0.00451	0.01255	0.00648	1
0.66667	0.85714	0.18605	0.16741	0.00007	0.00469	0.00366	0.00138	0.0014	0.04093	0.06983	0.00087	0.00256	0.00064	0.00522	0	0
0.66667	1	0.4186	0.43902	0.00014	0.00326	0.00246	0.00168	0.00081	0.12699	0.13138	0.00097	0.00381	0.00028	0.00491	0.00018	1
0.66667	1	0.18605	0.26415	0.00132	0.02626	0.0433	0.03318	0.02057	0.10527	0.09662	0.01006	0.00159	0.00577	0.02725	0.0336	1
0.66667	0.42857	0.13953	0.10339	0	0.00068	0.00014	0.00007	0	0.17223	0.23379	0.00033	0.00003	0.00034	0.00031	0.00018	0
0.66667	0.42857	0.11628	0.17726	0	0.01156	0.00904	0.00656	0.00224	0.10549	0.09911	0.00554	0.00779	0.00123	0.01551	0.00385	0
0.66667	1	0.23256	0.26753	0.00293	0.00551	0.00365	0.0021	0.00172	0.09371	0.11317	0.00498	0.00417	0.00308	0.00413	0.00088	1
0.66667	1	0.32558	0.37313	0	0.00365	0.00136	0.00084	0.00074	0.14575	0.1697	0.00071	0.00011	0.00059	0.00064	0.0007	0
0.66667	0.85714	0.16279	0.28252	0.00076	0.00665	0.00613	0.00122	0.00098	0.04967	0.16709	0.00358	0.01406	0.00176	0.00078	0.0014	1
0.66667	1	0.51163	0.41757	0.00337	0.00563	0.00769	0.00342	0.00372	0.08535	0.13151	0.00499	0.00643	0.00284	0.0043	0.00315	1
0.66667	1	0.25581	0.26361	0.00015	0.01055	0.00778	0.00369	0.00243	0.04891	0.06681	0.00183	0.00051	0.00168	0.00075	0.0007	0
0.66667	1	0.2093	0.22454	0	0.00487	0.00558	0.00167	0.00134	0.02828	0.05649	0.0007	0.00013	0.00023	0.00636	0.00018	0
0.66667	1	0.25581	0.25164	0.00013	0.00312	0.00171	0.00191	0.00133	0.18302	0.11826	0.00183	0.00892	0.00093	0.00326	0.00053	0
0.66667	0.85714	0.2093	0.16152	0.00003	0.00171	0.00085	0.00066	0.00019	0.08735	0.07603	0.00088	0.00004	0.0008	0.00416	0	0
0.66667	1	0.46512	0.42757	0.00156	0.00583	0.00359	0.00245	0.00297	0.15747	0.1655	0.00608	0.00207	0.00277	0.01049	0.0056	1
0.66667	0.85714	0.16279	0.1064	0	0.00123	0.00051	0.00034	0.00012	0.05783	0.05585	0.00024	0.00001	0.00044	0.00145	0	0
0.66667	0.85714	0.13953	0.26502	0.00844	0.04133	0.12133	0.06308	0.0415	0.09756	0.13269	0.03044	0.05182	0.01674	0.00608	0.04235	1
0.66667	0.85714	0.30233	0.27333	0.00461	0.03722	0.05043	0.02757	0.02982	0.12294	0.15984	0.03475	0.02512	0.03178	0.02237	0.02258	0
0.66667	0.85714	0.25581	0.24095	0.00002	0.00345	0.00087	0.00087	0.00102	0.23291	0.171	0.00117	0.00009	0.00047	0.00335	0.00053	0
0.66667	1	0.18605	0.25226	0.00224	0.0371	0.08969	0.03188	0.02692	0.05799	0.11213	0.00874	0.04377	0.00513	0.00181	0.00543	1
0.66667	0.85714	0.13953	0.32768	0.00538	0.02454	0.04019	0.0266	0.01723	0.1648	0.18056	0.03737	0.0357	0.01076	0.0099	0.0483	1
0.66667	1	0.18605	0.18187	0.00319	0.01084	0.00867	0.01018	0.0084	0.17904	0.11009	0.01105	0.01886	0.00846	0.00761	0.00403	1
0.66667	0.85714	0.2093	0.24362	0	0.0011	0.0009	0.00044	0	0.05502	0.07212	0.00022	0	0.00011	0.0007	0	0
0.66667	0.71429	0.2093	0.17584	0.00451	0.00632	0.01838	0.00353	0.00335	0.05675	0.18993	0.00513	0.00027	0.00752	0.00647	0	1
0.66667	0.85714	0.13953	0.21142	0.00032	0.01596	0.04154	0.01959	0.01651	0.08866	0.13242	0.00571	0.01303	0.00154	0.02714	0	0
0.66667	0.57143	0.11628	0.19518	0.00112	0.0066	0.00401	0.00363	0.00155	0.17366	0.13636	0.00429	0.03609	0.00082	0.00318	0.00123	0
0.66667	1	0.18605	0.27565	0.0146	0.01383	0.01365	0.0062	0.00528	0.10323	0.1621	0.01018	0.01049	0.00628	0.00257	0.00665	1
0.66667	1	0.69767	0.36835	0.00065	0.00319	0.00171	0.00177	0.00109	0.14108	0.09693	0.00208	0.00215	0.00079	0.01381	0.007	0
0.66667	1	0.18605	0.2695	0.20406	0.04664	0.038	0.01578	0.01335	0.08425	0.14141	0.03046	0.00897	0.03678	0.03788	0.0112	1
0.66667	1	0.39535	0.26322	0.00398	0.00755	0.00694	0.00454	0.00334	0.0623	0.06174	0.00694	0.00081	0.00314	0.01386	0.00228	1
0.66667	0.85714	0.2093	0.24273	0.00096	0.00462	0.00229	0.00208	0.00086	0.11812	0.09248	0.0018	0.00059	0.0008	0.0029	0.0014	0
0.66667	1	0.18605	0.28759	0.00013	0.04032	0.07352	0.04566	0.04276	0.15306	0.17839	0.01945	0.01767	0.00705	0.00502	0.05933	1
0.66667	0.71429	0.13953	0.16151	0	0.00075	0.00039	0.00034	0	0.07171	0.05576	0.00038	0.00004	0.00017	0.00226	0	0
0.66667	0.28571	0.04651	0.07884	0	0.00248	0.00125	0.00166	0	0.20843	0.11473	0.00066	0.00027	0	0.00257	0	0
0.66667	0.85714	0.18605	0.22707	0.005	0.00751	0.00275	0.00261	0.00194	0.18206	0.13846	0.00668	0.00271	0.00269	0.00775	0.00263	1
0.66667	0.85714	0.13953	0.18954	0.00011	0.07642	0.15495	0.09536	0.08171	0.12352	0.14414	0.0244	0.02378	0.00871	0.00923	0.08243	1
0.66667	0.85714	0.27907	0.20475	0.00058	0.00147	0.00055	0.00071	0.00014	0.12355	0.06729	0.00088	0.00207	0.00043	0.00103	0	0
0.66667	0.57143	0.18605	0.18416	0	0.00203	0.0008	0.00051	0	0.07931	0.08168	0.00062	0.00002	0.00013	0.00223	0.00053	0
0.33333	0.71429	0.2093	0.11444	0	0.0004	0.00012	0.00006	0	0.03609	0.04052	0	0	0.00011	0.00669	0	1
0.33333	1	0.25581	0.45248	0.00126	0.0069	0.00793	0.00972	0.00619	0.35338	0.21237	0.01235	0.12932	0.00317	0.03484	0.0049	1
0.66667	1	0.16279	0.303	0.00047	0.19373	0.38841	0.19139	0.17305	0.1206	0.17737	0.04484	0.01636	0.02812	0.01054	0.18218	1
0.83333	1	0.27907	0.43102	0.05929	0.06949	0.02312	0.0054	0.00991	0.10745	0.33142	0.00945	0.00719	0.00248	0.10878	0.0063	0
0.66667	1	0.23256	0.41568	0	0.00822	0.00886	0.0029	0.00129	0.06059	0.1266	0.00119	0.00045	0.00072	0.0007	0.00018	0
0.66667	0.28571	0.06977	0.07587	0	0.00105	0.00099	0.00062	0	0.06104	0.06579	0.00022	0	0	0.00031	0	0
0.66667	1	0.16279	0.29625	0.00511	0.03691	0.06463	0.03406	0.02486	0.09831	0.13096	0.01418	0.06808	0.00439	0.00653	0.05163	0
0.66667	0.57143	0.23256	0.066	0.00054	0.00158	0.00029	0.00013	0.00034	0.19689	0.31359	0.00043	0.00113	0.00441	0.00354	0.00035	0
0.66667	0.85714	0.16279	0.16826	0.00101	0.01362	0.01747	0.00781	0.00849	0.06164	0.09419	0.01371	0.00401	0.00308	0.00329	0	-1
0.66667	0.85714	0.13953	0.26743	0.00392	0.01604	0.01765	0.00754	0.00632	0.08838	0.14673	0.02154	0.02246	0.00359	0.00407	0.00998	0
0.66667	1	0.2093	0.27465	0.00508	0.00888	0.00888	0.00598	0.00622	0.14557	0.15372	0.01843	0.00921	0.01321	0.01172	0.01033	1
0.66667	0.85714	0.16279	0.22329	0.01266	0.02685	0.03084	0.01604	0.01514	0.09741	0.13377	0.00645	0.00048	0.00879	0.00318	0.0063	1
0.83333	1	0.25581	0.4921	0.04656	0.097	0.02605	0.00565	0.00916	0.11025	0.36887	0.01622	0.007	0.00923	0.01107	0.01313	1
0.66667	1	0.2093	0.23771	0.00091	0.00231	0.00084	0.00068	0.00134	0.59253	0.54294	0.00377	0.00834	0.00068	0.0029	0.00193	1
1	1	0.18605	0.33524	0.09697	0.34801	0.56785	0.37757	0.22756	0.1132	0.12218	0.22478	0.05048	0.1808	0.34928	0.19181	0
0.83333	0.85714	0.16279	0.29159	0.42883	0.20664	0.14148	0.03302	0.04	0.07881	0.23458	0.07739	0.31456	0.0145	0.04703	0.0644	0
0.66667	0.85714	0.16279	0.05693	0	0.00032	0.00006	0.00004	0	0.04387	0.03791	0.00005	0	0	0.00014	0	0
0.66667	0.71429	0.13953	0.277	0.00213	0.00843	0.01049	0.00585	0.00503	0.16409	0.21339	0.01154	0.03021	0.00461	0.01007	0	-1
0.66667	0.85714	0.13953	0.25686	0.00223	0.01257	0.01677	0.01235	0.00474	0.08826	0.08328	0.00648	0.03459	0.00393	0.02237	0	0
0.66667	0.85714	0.37209	0.35016	0.00298	0.00401	0.00113	0.00122	0.00065	0.14246	0.09427	0.00251	0.00069	0.00096	0.00335	0.00228	0
0.16667	0.71429	0.16279	0.17206	0.00045	0.0049	0.0046	0.00447	0.00222	0.128	0.09189	0.00603	0.00418	0.00542	0.09461	0.0014	1
0.83333	1	0.16279	0.33329	0.00113	0.2169	0.05594	0.01014	0.01009	0.03288	0.11893	0.00419	0.0004	0.00249	0.01621	0.00333	0
0.66667	0.42857	0.11628	0.05406	0.00006	0.00253	0.00202	0.00081	0.00052	0.04496	0.07226	0.00086	0.0006	0	0.00011	0	-1
0.66667	0.71429	0.13953	0.19275	0.00097	0.01536	0.02924	0.01161	0.00603	0.03778	0.06348	0.00313	0.00093	0.00137	0.00128	0.00053	-1
0.66667	1	0.27907	0.27727	0.00776	0.00651	0.00403	0.00315	0.00273	0.13212	0.12046	0.00841	0.00335	0.00436	0.01607	0.00228	1
0.66667	1	0.23256	0.26757	0.00137	0.0164	0.01991	0.00855	0.01111	0.04972	0.07698	0.00307	0.00461	0.00154	0.0178	0.00228	1
0.66667	0.85714	0.13953	0.23503	0.00022	0.02018	0.03643	0.01395	0.00948	0.04382	0.07657	0.00445	0.00084	0.00513	0.00148	0.00088	0
0.66667	0.14286	0.04651	0.00622	0	0.00045	0.00005	0.00004	0	0.13457	0.13158	0	0	0.00103	0.00014	0	0
1	1	0.16279	0.28184	0.03786	0.36952	0.64232	0.28873	0.47374	0.19896	0.32704	0.12218	0.1514	0.05331	0.10307	0	-1
0.66667	0.57143	0.13953	0.11694	0.034	0.0064	0.00248	0.00183	0.00431	0.29999	0.29734	0.00934	0.00727	0.00478	0.0063	0.00403	1
0.83333	1	0.18605	0.21565	0.01007	0.1292	0.03978	0.0086	0.01615	0.06757	0.21903	0.01496	0.01894	0.0041	0.03233	0.01033	0
0.66667	0.71429	0.39535	0.17792	0.00003	0.00098	0.00018	0.00021	0.0001	0.17258	0.10753	0.00019	0.00011	0.00024	0.00039	0.00018	0
0.66667	1	0.44186	0.24114	0.00406	0.00114	0.00029	0.00034	0.00018	0.27675	0.17403	0.00066	0.00025	0.00016	0.00053	0	-1
0.66667	0.85714	0.25581	0.3479	0.00027	0.0078	0.00972	0.00373	0.00196	0.05141	0.09109	0.00147	0.00093	0.00186	0.00073	0.00018	0
0.66667	0.71429	0.44186	0.36505	0.00001	0.0015	0.00091	0.00045	0.00009	0.04919	0.06421	0.00024	0.0004	0.00027	0.00067	0.00018	0
0.66667	1	0.18605	0.27427	0.0404	0.02394	0.04137	0.01796	0.01766	0.08116	0.13191	0.01273	0.03631	0.00577	0.00206	0.007	0
0.66667	1	0.27907	0.29418	0.00058	0.12735	0.0758	0.09337	0.14424	0.59712	0.36226	0.03498	0.01264	0.01862	0.01701	0.30592	1
0.66667	1	0.18605	0.31831	0.00944	0.09204	0.04107	0.03697	0.02671	0.16371	0.13025	0.02778	0.00588	0.02371	0.04655	0.0126	1
0.66667	1	0.32558	0.49323	0.00379	0.00729	0.00819	0.00171	0.00185	0.04971	0.16369	0.00327	0.00192	0.00249	0.001	0.0014	0
0.66667	1	0.51163	0.17307	0	0.00185	0.00106	0.00052	0.00043	0.053	0.07102	0.00036	0.00011	0.00028	0.00078	0.00018	0
0.66667	1	0.23256	0.47058	0.01896	0.02114	0.03607	0.02317	0.0162	0.13177	0.14712	0.01869	0.04469	0.00287	0.02165	0.04953	1
0.66667	1	0.55814	0.39829	0.00024	0.0041	0.00461	0.00262	0.00136	0.07827	0.09514	0.00113	0.0001	0.00043	0.00117	0.00193	1
0.66667	0.57143	0.11628	0.09156	0.00058	0.01048	0.00635	0.00232	0.00431	0.07586	0.14687	0.00409	0.00731	0.00431	0.00209	0	-1
0.83333	0.85714	0.13953	0.21585	0.00009	0.35002	0.12379	0.03038	0.0326	0.04205	0.113	0.00731	0.00843	0.00308	0.00326	0.01645	0
0.83333	1	0.16279	0.27772	0.00371	0.13178	0.05738	0.01619	0.02339	0.09339	0.23137	0.07988	0.05483	0.0145	0.04778	0.04883	0
0.66667	0.71429	0.23256	0.1472	0.00004	0.00122	0.00048	0.00057	0.00009	0.1323	0.07999	0.00043	0.00008	0.00031	0.00131	0.00053	0
0.83333	0.71429	0.13953	0.31898	0.0016	0.27933	0.13984	0.03972	0.03087	0.07138	0.17209	0.111	0.04304	0.12113	0.07774	0.0189	0
0.66667	0.71429	0.27907	0.12531	0	0.00806	0.00151	0.00042	0.00136	0.03406	0.08089	0.00022	0.00006	0	0.00008	0	-1
0.66667	1	0.2093	0.28925	0.00008	0.00296	0.00066	0.00036	0.00067	0.37495	0.50752	0.0011	0.00123	0.00011	0.00014	0.00035	-1
0.83333	1	0.16279	0.2735	0.00224	0.06983	0.08347	0.04975	0.04406	0.14817	0.17928	0.0163	0.016	0.00322	0.0318	0.12373	0
0.66667	0.85714	0.16279	0.22179	0.00103	0.01529	0.0246	0.0096	0.00886	0.0584	0.10339	0.00645	0.01702	0.0041	0.00131	0.0007	0
0.66667	0.85714	0.16279	0.21875	0.01018	0.01026	0.00916	0.00798	0.00603	0.15968	0.13247	0.01027	0.0159	0.00351	0.00831	0.00228	1
0.66667	0.71429	0.18605	0.20565	0.00267	0.00672	0.01126	0.00439	0.00323	0.06078	0.10795	0.00478	0.00711	0.00269	0.00109	0	0
0.66667	0.71429	0.13953	0.14057	0.0022	0.00211	0.00103	0.00087	0.00014	0.08975	0.07232	0.00148	0.00015	0.00137	0.00653	0.00053	0
1	0.85714	0.27907	0.47611	0.14123	0.22892	0.18487	0.07976	0.13914	0.22502	0.38257	0.17626	0.19458	0.07389	0.36005	0.42545	0
0.83333	1	0.30233	0.26115	0.01245	0.06366	0.01973	0.00476	0.01677	0.07034	0.1997	0.01085	0.00139	0.00363	0.04591	0.007	0
0.83333	1	0.32558	0.5305	0.08282	0.03472	0.02971	0.01179	0.01471	0.15392	0.28088	0.01938	0.0198	0.00564	0.06692	0.03588	0
0.83333	0.85714	0.13953	0.3389	0.00928	0.36982	0.37756	0.15981	0.14446	0.1316	0.22445	0.06935	0.09143	0.03485	0.03478	0.29034	0
0.66667	0.71429	0.13953	0.21656	0.04699	0.08952	0.13285	0.09576	0.08731	0.18796	0.19064	0.05638	0.0194	0.03092	0.01838	0.11673	1
0.66667	0.42857	0.06977	0.02506	0.0044	0.00136	0.00028	0.00025	0	0.08528	0.06664	0.00022	0.00025	0	0.00006	0	-1
0.66667	1	0.16279	0.24969	0.00774	0.01523	0.04133	0.01427	0.01083	0.04908	0.09497	0.01126	0.01265	0.00893	0.00276	0.00263	-1
0.66667	0.71429	0.13953	0.18872	0.00015	0.00482	0.00291	0.00076	0.00086	0.10268	0.28087	0.00192	0.00314	0.0012	0.00022	0.00018	0
0.83333	1	0.32558	0.44245	0.00908	0.13323	0.12695	0.09416	0.16555	0.32024	0.31812	0.03832	0.04274	0.00747	0.08683	0.66311	0
0.83333	0.71429	0.11628	0.23026	0.06779	0.10282	0.12439	0.0932	0.09581	0.23324	0.22844	0.09687	0.08398	0.02706	0.06025	0.21089	0
0.83333	1	0.16279	0.30411	0.24067	0.47891	0.29918	0.13159	0.12074	0.1279	0.20735	0.1113	0.2288	0.0599	0.30365	0.29751	0
0.66667	1	0.16279	0.3069	0.00066	0.05731	0.07375	0.05468	0.05871	0.25945	0.25698	0.03745	0.04811	0.01523	0.01121	0.10431	1
0.66667	0.71429	0.16279	0.2501	0.00048	0.00394	0.00126	0.00051	0.0016	0.2093	0.37986	0.00137	0.00037	0.00073	0.00028	0	-1
0.66667	1	0.62791	0.34097	0.0002	0.00276	0.00097	0.00057	0.00108	0.08828	0.10491	0.00077	0.00117	0.00023	0.00053	0.00018	0
0.66667	0.71429	0.11628	0.16464	0	0.00081	0.00012	0.00009	0	1	1	0.00092	0.0018	0.00041	0.00022	0.00035	-1
0.66667	0.85714	0.34884	0.14886	0.00002	0.00126	0.00031	0.00014	0.00023	0.08343	0.12491	0.00075	0.00056	0.00021	0.00103	0.00018	-1
0.66667	1	0.27907	0.19066	0	0.00068	0.00018	0.00015	0	0.05407	0.04234	0.00008	0.00003	0	0.00181	0	0
0.66667	0.85714	0.23256	0.09919	0.00658	0.01455	0.01268	0.00581	0.01318	0.09675	0.15143	0.01523	0.01772	0.00277	0.00594	0.0119	1
0.66667	0.71429	0.13953	0.28098	0.00483	0.03448	0.0407	0.0235	0.01594	0.11914	0.14789	0.03176	0.03384	0.00752	0.01464	0.04113	1
0.66667	0.57143	0.13953	0.11667	0	0.007	0.00192	0.00186	0.00273	0.16287	0.1208	0.00187	0.00043	0.00137	0.00761	0	-1
0.16667	0.28571	0.16279	0.16329	0.00136	0.00245	0.00107	0.00104	0.00172	0.43999	0.33166	0.00325	0.00201	0.0019	0.00092	0.0007	1
0.83333	0.85714	0.13953	0.24325	0.05777	0.20916	0.07852	0.01661	0.01967	0.0636	0.20221	0.03094	0.04848	0.0123	0.04229	0.0105	0
0.66667	1	0.51163	0.40201	0.00254	0.01033	0.00767	0.00447	0.00556	0.11203	0.13644	0.00444	0.00163	0.00275	0.00179	0.00263	0
0.83333	1	0.16279	0.21072	0.00552	0.07279	0.08038	0.05988	0.04172	0.10868	0.10323	0.02242	0.00212	0.01596	0.08909	0.0273	0
0.66667	1	0.30233	0.55193	0.00525	0.00612	0.00323	0.00214	0.00166	0.28433	0.31649	0.00555	0.00093	0.01285	0.01568	0.0056	1
0.66667	0.14286	0.02326	0.017	0	0.0009	0.00007	0.00015	0	0.44558	0.16462	0.00033	0.0002	0	0.00061	0	0
0.66667	0.85714	0.16279	0.32488	0	0.01045	0.0077	0.00186	0.00135	0.05087	0.14384	0.00179	0.00019	0.00103	0.00117	0.00018	0
0.83333	1	0.44186	0.45566	0.05227	0.05145	0.02047	0.00779	0.01551	0.12164	0.22791	0.02074	0.01147	0.00685	0.06296	0.0182	0
0.83333	0.85714	0.34884	0.672	0.06186	0.18365	0.05436	0.00828	0.01287	0.04981	0.22062	0.0089	0.03456	0.00321	0.6004	0	-1
0.66667	0.85714	0.16279	0.14196	0.00034	0.00368	0.00087	0.00085	0.00185	0.58946	0.44647	0.00254	0.00109	0.00103	0.00268	0.00018	1
0.66667	0.85714	0.30233	0.19873	0	0.00132	0.00049	0.00024	0.00007	0.11751	0.1707	0.00048	0.00009	0.00016	0.01523	0.00035	0
0.66667	0.57143	0.11628	0.07456	0	0.00063	0.00014	0.00016	0	0.09429	0.05555	0.00007	0	0	0.00053	0	0
0.66667	0.57143	0.23256	0.066	0.00054	0.00158	0.00029	0.00013	0.00034	0.19689	0.31359	0.00043	0.00113	0.00441	0.00354	0.00035	0
0.66667	0.28571	0.06977	0.05155	0	0.00075	0.00024	0.0002	0	0.05662	0.04779	0.00022	0.00001	0	0.00006	0	0
0.66667	0.28571	0.09302	0.03095	0	0.00079	0.00006	0	0	0.00788	0	0	0	0	0.00031	0	-1
0.66667	0.57143	0.09302	0.05501	0	0.00147	0.00034	0.0002	0	0.06895	0.07722	0.00033	0.00001	0	0.00031	0	0
0.83333	1	0.27907	0.31738	0.00058	0.12129	0.0796	0.0352	0.04703	0.10002	0.16063	0.01385	0.0143	0.00393	0.04326	0.09328	0
0.66667	1	0.30233	0.29583	0.00465	0.00716	0.00316	0.00328	0.00457	0.2894	0.20298	0.00905	0.00481	0.00205	0.04887	0.01628	1
0.66667	0.71429	0.2093	0.16774	0.00003	0.00151	0.00059	0.0008	0.0001	0.12216	0.06469	0.00073	0.00103	0.00011	0.001	0	-1
0.66667	1	0.27907	0.22051	0.00492	0.00264	0.00103	0.00138	0.00115	0.25044	0.13587	0.0031	0.00148	0.0006	0.00586	0.00193	1
0.66667	0.14286	0.02326	0.00243	0	0	0.00005	0	0	0.00351	0	0	0	0	0.00014	0	-1
0.66667	0.14286	0.02326	0.00099	0	0	0.00005	0	0	0.00078	0	0	0	0	0.00022	0	-1
0.66667	0.71429	0.13953	0.22607	0.01207	0.00301	0.00307	0.00244	0.00144	0.15185	0.13646	0.00775	0.00344	0.0029	0.01481	0.00315	1
0.66667	1	0.18605	0.25343	0.00546	0.00542	0.00312	0.00257	0.00431	0.39186	0.35096	0.01026	0.00316	0.00551	0.0152	0.00595	1
0.83333	1	0.25581	0.40766	0.04747	0.05754	0.03407	0.01238	0.01261	0.09419	0.1843	0.01777	0.03795	0.00988	0.05026	0.02485	0
0.66667	0.14286	0.02326	0.00412	0	0.00361	0.00099	0.00066	0.00172	0.03274	0.03105	0.00099	0.00001	0	0	0	-1
0.66667	0.42857	0.09302	0.0944	0.00384	0.00621	0.01275	0.00728	0.00409	0.07292	0.08481	0.01146	0.00147	0.01153	0.00162	0.00053	0
0.66667	1	0.25581	0.13425	0.00002	0.00645	0.00158	0.00154	0.00172	0.1572	0.11602	0.00162	0.00041	0.00186	0.01604	0.00123	0
0.66667	0.57143	0.09302	0.02995	0	0.00045	0.00007	0.00002	0	0.02369	0.05881	0.00008	0	0	0.00033	0	-1
0.66667	0.71429	0.13953	0.03043	0	0.0003	0.00008	0.00002	0	0.0228	0.03314	0.00011	0.00001	0	0.00081	0.00018	0
0.66667	0.85714	0.13953	0.23302	0	0.00188	0.0011	0.00048	0.00014	0.07018	0.11084	0.00049	0.00042	0	0.00039	0	-1
0.66667	1	0.16279	0.23978	0.00004	0.01407	0.01732	0.00883	0.00689	0.07212	0.09766	0.00358	0.00204	0.00132	0.00137	0.0014	0
0.66667	1	0.32558	0.61624	0.02443	0.02456	0.03339	0.0293	0.01495	0.13972	0.11341	0.02065	0.01083	0.00886	0.05369	0.03955	1
0.66667	0.14286	0.04651	0.01249	0	0.00045	0.00006	0.00004	0	0.01698	0.01573	0	0	0	0.00003	0	-1
0.66667	1	0.2093	0.23771	0.00091	0.00231	0.00084	0.00068	0.00134	0.59253	0.54294	0.00377	0.00834	0.00068	0.0029	0.00193	1
0.66667	0.14286	0.16279	0.05154	0.00001	0.0009	0.00019	0.00015	0.00012	0.15508	0.14592	0.00052	0.00078	0	0.00008	0	0
0.66667	1	0.18605	0.13015	0.00045	0.00311	0.00283	0.00062	0.00129	0.07988	0.25435	0.00243	0.00325	0.00128	0.00086	0.0007	0
0.66667	0.85714	0.16279	0.17571	0.00408	0.00426	0.00114	0.00126	0.00283	0.42312	0.28376	0.009	0.01861	0.00117	0.04661	0.0028	1
0.33333	0.71429	0.2093	0.07407	0	0.0003	0.00006	0.00002	0	0.02025	0.02196	0.00022	0	0.00137	0.01183	0	1
0.66667	1	0.18605	0.20561	0.00003	0.00339	0.00405	0.00297	0.00172	0.09581	0.09121	0.00136	0.00064	0.00038	0.00179	0.00018	0
0.66667	0.57143	0.11628	0.04198	0.00001	0.00072	0.00017	0.00018	0.00017	0.10479	0.07281	0.00026	0.00001	0	0.00008	0	0
0.66667	0.42857	0.13953	0.04402	0	0.00151	0.00079	0.00036	0.00029	0.03242	0.04476	0.00011	0	0	0.00086	0	-1
0.66667	1	0.18605	0.35263	0.01336	0.04421	0.07106	0.05223	0.03597	0.13062	0.12814	0.04072	0.07023	0.01076	0.01314	0.0616	1
0.83333	1	0.27907	0.3424	0.06967	0.08715	0.03344	0.0061	0.01185	0.06505	0.24482	0.01099	0.00871	0.00675	0.07654	0.00805	0
0.66667	0.57143	0.13953	0.04424	0	0.00128	0.00036	0.00026	0.00014	0.05637	0.0534	0.00011	0	0	0.0075	0	-1
0.66667	0.85714	0.23256	0.29256	0.00285	0.0033	0.00136	0.00107	0.00146	0.22844	0.20751	0.0064	0.0157	0.00246	0.00739	0	-1
0.83333	1	0.16279	0.42105	0.11111	0.244	0.42715	0.21461	0.17256	0.14067	0.20296	0.14093	0.01831	0.08494	0.09654	0.27546	0
0.66667	0.14286	0.02326	0.01824	0	0.00136	0.00007	0	0	0.00182	0	0	0	0	0	0	0
0.83333	1	0.32558	0.26053	0.00081	0.03072	0.01304	0.00246	0.00714	0.04751	0.17038	0.00313	0.00026	0.00124	0.01063	0.00175	0
0.66667	0.14286	0.02326	0.00389	0	0.00045	0.00007	0.00022	0	0.17112	0.0432	0.00033	0	0	0.00053	0	0
0.83333	1	0.16279	0.33329	0.00113	0.2169	0.05594	0.01014	0.01009	0.03288	0.11893	0.00419	0.0004	0.00249	0.01621	0.00333	0
0.66667	1	0.2093	0.22656	0.00342	0.00828	0.00237	0.0024	0.0022	0.24108	0.17332	0.0074	0.0026	0.00239	0.00379	0.00333	0
0.66667	0.85714	0.2093	0.21174	0	0.0012	0.00037	0.00013	0	0.03339	0.0555	0.00022	0.00001	0.00034	0.00064	0	0
0.66667	1	0.23256	0.26757	0.00137	0.0164	0.01991	0.00855	0.01111	0.04972	0.07698	0.00307	0.00461	0.00154	0.0178	0.00228	1
0.66667	1	0.16279	0.18803	0.00124	0.00471	0.00232	0.00281	0.00197	0.27204	0.16522	0.00429	0.00943	0.00161	0.10725	0.00158	1
0.66667	1	0.16279	0.15632	0.00426	0.00284	0.00126	0.00112	0.00185	0.30483	0.25387	0.00424	0.00404	0.00103	0.00915	0.00158	0
0.83333	0.85714	0.27907	0.24863	0.00094	0.06738	0.03151	0.00727	0.01393	0.06136	0.17616	0.00819	0.0039	0.0035	0.05883	0.0035	0
0.83333	0.71429	0.11628	0.19203	0.00575	0.32507	0.12726	0.0603	0.07427	0.14885	0.22989	0.03238	0.0308	0.01681	0.07163	0.0882	0
0.66667	0.28571	0.04651	0.01379	0	0.00023	0.00005	0.00004	0	0.0224	0.01495	0	0	0	0.00011	0	-1
0.83333	0.71429	0.11628	0.20767	0.03835	0.1086	0.12801	0.02091	0.01947	0.03307	0.12913	0.01405	0.00429	0.00943	0.1873	0	0
0.66667	0.71429	0.13953	0.22393	0.00004	0.00858	0.00334	0.00346	0.00144	0.17657	0.12288	0.00176	0.0014	0.00085	0.00047	0.00018	0
0.66667	0.28571	0.11628	0.08655	0.00001	0.00081	0.00017	0.00019	0.00017	0.45271	0.30165	0.00106	0.00015	0.00144	0.00061	0.00018	0
0.66667	1	0.23256	0.32793	0.02783	0.02132	0.01659	0.00782	0.01206	0.15882	0.24566	0.03073	0.05502	0.00564	0.00697	0.01768	1
0.66667	0.14286	0.02326	0.01012	0	0.00045	0.00015	0	0	0.00675	0	0	0	0	0.00022	0	0
0.66667	0.71429	0.30233	0.22381	0	0.0009	0.00026	0.00033	0	0.13335	0.0746	0.00018	0.00006	0.00055	0.00114	0.00018	0
0.66667	1	0.34884	0.3447	0.00002	0.00199	0.00137	0.00145	0.00034	0.13817	0.09317	0.00088	0.00004	0.00082	0.00583	0.00018	0
0.66667	0.28571	0.04651	0.02421	0	0.00068	0.00005	0.00007	0	0.13691	0.06353	0.00033	0.00007	0	0.00106	0	0
0.66667	0.71429	0.18605	0.24989	0.00579	0.31294	0.29801	0.07976	0.23295	0.04073	0.10247	0.02498	0.02295	0.01999	0.00563	0.00648	1
0.66667	0.85714	0.18605	0.17084	0	0.00079	0.00021	0.00028	0	0.12048	0.0659	0.00021	0	0.00064	0.00017	0	0
0.66667	1	0.2093	0.46078	0.00155	0.01205	0.01352	0.01203	0.00565	0.15327	0.12435	0.01132	0.00677	0.00649	0.01096	0.0105	1
0.83333	0.85714	0.18605	0.1332	0	0.08216	0.03186	0.00754	0.01508	0.04459	0.12647	0.00952	0.0022	0.00064	0.02388	0.00473	0
0.16667	0.28571	0.04651	0.07382	0	0.0009	0.0002	0.00015	0	0.68727	0.68814	0.00099	0.00274	0	0.00103	0.00035	1
0.66667	1	0.32558	0.297	0.03157	0.00813	0.00258	0.00321	0.00505	0.39624	0.23512	0.0162	0.01518	0.00366	0.00873	0	1
0.83333	1	0.16279	0.30054	0.00146	0.09428	0.10324	0.09192	0.04382	0.13665	0.1102	0.02817	0.00146	0.01201	0.01166	0.01278	1
0.66667	1	0.32558	0.13123	0	0.00119	0.00019	0.00021	0.00012	0.25329	0.17462	0.0004	0.00058	0.00029	0.00053	0	-1
0.66667	1	0.37209	0.66014	0.05331	0.01409	0.00951	0.01082	0.01034	0.37706	0.24447	0.01294	0.00852	0.00404	0.03523	0.05285	1
0.66667	1	0.44186	0.24114	0.00406	0.00114	0.00029	0.00034	0.00018	0.27675	0.17403	0.00066	0.00025	0.00016	0.00053	0	-1
0.66667	0.71429	0.25581	0.1135	0	0.00115	0.00025	0.00035	0.00023	0.25813	0.13427	0.00024	0.00031	0.00028	0.00126	0	0
0.83333	0.71429	0.11628	0.15066	0.39568	0.22876	0.36502	0.17185	0.1251	0.07136	0.10528	0.15852	0.05086	0.13798	0.05425	0	1
0.83333	0.85714	0.25581	0.38202	0.00505	0.11178	0.03516	0.01218	0.01034	0.07976	0.16254	0.00881	0.00413	0.00391	0.06457	0.00805	0
0.83333	1	0.23256	0.2579	0.00019	0.05593	0.0284	0.01601	0.02033	0.10946	0.13875	0.00636	0.00103	0.00318	0.0089	0.014	0
0.66667	0.85714	0.30233	0.18138	0.00005	0.0041	0.00213	0.00067	0.00146	0.10019	0.22896	0.0019	0.00424	0.00197	0.00128	0.00035	0
0.66667	1	0.30233	0.28784	0.00018	0.00104	0.00022	0.00027	0	0.13725	0.08115	0.00063	0.00026	0.00016	0.00078	0.00035	0
0.66667	0.71429	0.13953	0.1751	0.03114	0.00444	0.00148	0.00138	0.00287	0.54543	0.4359	0.00528	0.01109	0.00222	0.00092	0	-1
0.83333	0.85714	0.18605	0.29709	0.00577	0.1144	0.04085	0.00788	0.00775	0.04076	0.13183	0.00845	0.02633	0.00692	0.03291	0.0035	0
0.66667	0.85714	0.23256	0.20915	0.00009	0.01455	0.02206	0.01543	0.00913	0.0953	0.09602	0.00485	0.00204	0.0041	0.00187	0.0014	0
0.66667	0.85714	0.67442	0.27057	0.00005	0.0007	0.00015	0.00014	0.00003	0.10792	0.08074	0.00008	0.00001	0.00007	0.00042	0	-1
0.66667	1	0.81395	0.29914	0	0.0007	0.00026	0.00011	0.00002	0.0507	0.07411	0.00009	0	0.00044	0.00061	0	0
0.83333	1	0.18605	0.20483	0.00829	0.07691	0.075	0.03999	0.0378	0.06883	0.08895	0.01772	0.01599	0.01051	0.04862	0.00893	0
0.83333	1	0.16279	0.21779	0.00736	0.16753	0.06624	0.03545	0.04862	0.15196	0.20498	0.02958	0.00312	0.01347	0.10145	0.0567	0
0.66667	0.71429	0.13953	0.04054	0	0.00068	0.00012	0.00014	0.00014	0.14494	0.09487	0.00055	0.00005	0.00017	0.03252	0	-1
0.83333	0.85714	0.16279	0.19676	0.1132	0.10803	0.02404	0.00337	0.01403	0.06567	0.32602	0.00989	0.00375	0.00132	0.05526	0	0
0.66667	1	0.32558	0.49323	0.00379	0.00729	0.00819	0.00171	0.00185	0.04971	0.16369	0.00327	0.00192	0.00249	0.001	0.0014	0
0.66667	0.71429	0.16279	0.14195	0	0.00097	0.00026	0.00026	0	0.06749	0.04602	0.00009	0	0	0.0002	0	-1
0.66667	1	0.27907	0.3443	0.07038	0.01182	0.0094	0.00718	0.00725	0.18053	0.16932	0.0139	0.00506	0.00991	0.01902	0.0091	1
0.66667	0.85714	0.16279	0.17907	0.00422	0.01304	0.01486	0.00862	0.00726	0.07045	0.08077	0.01682	0.01547	0.01289	0.04954	0	0
0.66667	0.85714	0.2093	0.17846	0	0.001	0.00038	0.00025	0	0.06067	0.06152	0.00011	0	0.00046	0.00103	0	0
0.66667	1	0.25581	0.19049	0.00268	0.03199	0.02401	0.01167	0.01676	0.05642	0.07782	0.00767	0.00593	0.00419	0.00708	0	1
0.66667	0.57143	0.11628	0.06624	0.00039	0.01102	0.00157	0.00114	0.0019	0.10644	0.10357	0.00231	0.00087	0.00062	0.00232	0	-1
0.66667	0.14286	0.02326	0.03006	0	0.00452	0.0004	0.00007	0	0.01977	0.0474	0.00033	0	0	0.00003	0	0
0.66667	1	0.37209	0.28165	0.00103	0.00232	0.00103	0.00094	0.00102	0.20048	0.15824	0.00196	0.00105	0.0016	0.00279	0	-1
0.66667	0.71429	0.2093	0.06455	0.00001	0.00065	0.0001	0.00011	0	0.12527	0.08525	0.00029	0.00001	0.00011	0.00128	0	-1
0.66667	0.85714	0.30233	0.16887	0.00041	0.00379	0.00137	0.00102	0.00126	0.10537	0.09989	0.00132	0.00009	0.00103	0.00469	0.00105	0
0.66667	0.71429	0.27907	0.1614	0.00005	0.00139	0.00028	0.00019	0.00022	0.26733	0.28889	0.0003	0.00012	0.00034	0.00081	0.00018	0
0.66667	0.42857	0.13953	0.09104	0	0.00181	0.00068	0.0007	0.00086	0.33864	0.23999	0.00209	0.00151	0.0012	0.00159	0.00053	0
0.66667	0.85714	0.30233	0.20884	0.00004	0.0017	0.00064	0.00034	0.00073	0.20615	0.28699	0.00038	0.00026	0.00047	0.0012	0.00018	0
0.66667	0.71429	0.18605	0.10361	0.00717	0.00491	0.00118	0.00083	0.00065	0.14632	0.14856	0.00128	0.00032	0.00038	0.00156	0	-1
0.66667	0.85714	0.16279	0.11835	0	0.00136	0.00033	0.00008	0	0.02108	0.04974	0.00005	0	0.00132	0.01478	0	-1
0.66667	0.42857	0.25581	0.07099	0	0.00127	0.00019	0.00013	0.00047	0.1572	0.16933	0.00075	0.00012	0.00037	0.00014	0	-1
0.83333	1	0.32558	0.62379	0.36199	0.07528	0.05969	0.03342	0.04166	0.21909	0.28649	0.05473	0.0564	0.02028	0.07188	0.15471	0
0.83333	1	0.27907	0.24898	0.00846	0.12291	0.10506	0.0675	0.08005	0.07905	0.08472	0.02517	0.00639	0.01777	0.08499	0.0609	0
0.66667	0.57143	0.11628	0.05972	0	0.00126	0.0003	0.00015	0	0.05018	0.06528	0.00026	0.00001	0	0.00036	0	0
0.83333	0.71429	0.13953	0.31898	0.0016	0.27933	0.13984	0.03972	0.03087	0.07138	0.17209	0.111	0.04304	0.12113	0.07774	0.0189	0
0.66667	0.85714	0.16279	0.11283	0	0.00129	0.00038	0.00038	0.00012	0.14258	0.10126	0.00028	0.00004	0.00015	0.00014	0.00018	-1
1	0.85714	0.2093	0.27026	0.09851	0.29554	0.2252	0.15769	0.35296	0.37712	0.39972	0.2249	0.05418	0.04283	0.40462	0.9832	0
0.66667	0.71429	0.13953	0.05448	0	0.00136	0.0004	0.00037	0.00014	0.0994	0.07417	0.00022	0.00016	0	0.00011	0	0
0.83333	0.57143	0.11628	0.12924	0.0252	0.15775	0.07408	0.05263	0.05032	0.11808	0.11874	0.02585	0.03139	0.0123	0.07894	0.05198	0
0.66667	0.85714	0.18605	0.05921	0	0.00277	0.00052	0.0004	0.00065	0.08567	0.07697	0.00037	0.00019	0.00013	0.00053	0	-1
0.66667	1	0.23256	0.27157	0.0342	0.01292	0.01332	0.00825	0.01111	0.23779	0.2815	0.02905	0.05745	0.00605	0.01054	0.02083	1
0.83333	1	0.39535	0.49018	0.07385	0.04414	0.03628	0.03513	0.02899	0.20135	0.15097	0.03113	0.01032	0.02165	0.03768	0.05548	0
0.66667	0.57143	0.13953	0.07704	0	0.00181	0.00082	0.00089	0.00043	0.10879	0.06981	0.00104	0.00009	0.00068	0.00148	0	0
0.66667	0.85714	0.16279	0.21875	0.01018	0.01026	0.00916	0.00798	0.00603	0.15968	0.13247	0.01027	0.0159	0.00351	0.00831	0.00228	1
0.66667	1	0.32558	0.47923	0.00193	0.00539	0.00393	0.00484	0.00388	0.40267	0.24221	0.00739	0.10903	0.00227	0.03757	0.00525	1
0.66667	1	0.32558	0.32083	0.0004	0.00345	0.00113	0.00058	0.00031	0.06103	0.0803	0.00068	0.00166	0.00037	0.0005	0.00035	0
0.66667	0.42857	0.09302	0.16081	0.00005	0.03365	0.0589	0.05703	0.02779	0.12673	0.09292	0.01945	0.00163	0.01896	0.00706	0	1
0.66667	0.42857	0.06977	0.04821	0.00209	0.00166	0.00073	0.00062	0.00029	0.1603	0.13286	0.00297	0.00127	0.00239	0.00109	0.00018	0
0.66667	0.14286	0.02326	0.00488	0	0.0009	0.0002	0.00007	0	0.03827	0.04878	0	0	0	0.00298	0	0
0.66667	1	0.2093	0.54919	0.04454	0.0135	0.01592	0.01921	0.00909	0.31074	0.18893	0.01927	0.01093	0.00991	0.02533	0.03325	1
0.66667	0.71429	0.13953	0.14057	0.0022	0.00211	0.00103	0.00087	0.00014	0.08975	0.07232	0.00148	0.00015	0.00137	0.00653	0.00053	0
0.66667	1	0.23256	0.26965	0.00239	0.00714	0.00591	0.00355	0.00353	0.13228	0.1563	0.00528	0.00209	0.00359	0.00932	0.00473	1
0.66667	0.71429	0.18605	0.0869	0.00007	0.00988	0.00157	0.00066	0.00215	0.1595	0.27246	0.00272	0.00092	0.00026	0.00075	0	-1
0.83333	1	0.30233	0.19723	0.00227	0.03624	0.01939	0.00549	0.0114	0.07582	0.18455	0.00733	0.00743	0.00229	0.04611	0.00333	0
0.66667	1	0.4186	0.1932	0.00003	0.00125	0.00028	0.00017	0.0001	0.09915	0.1126	0.00073	0.00061	0.00017	0.00081	0.00053	0
0.66667	0.42857	0.16279	0.09393	0	0.00665	0.00703	0.00298	0.00431	0.04416	0.06771	0.0008	0.00005	0.00059	0.00031	0.00018	0
0.66667	0.85714	0.16279	0.16372	0	0.00478	0.00133	0.00131	0.00025	0.0726	0.04879	0.0041	0.00075	0.00234	0.02103	0	0
0.66667	0.85714	0.2093	0.16716	0.00006	0.02158	0.01693	0.00817	0.0113	0.04642	0.06321	0.00165	0.00105	0.00114	0.00123	0	0
0.66667	1	0.16279	0.17345	0	0.00329	0.00187	0.00123	0.00025	0.06263	0.0649	0.00066	0.0001	0.00029	0.02502	0	-1
0.66667	1	0.32558	0.22576	0.00264	0.00661	0.00324	0.00114	0.00277	0.09065	0.18059	0.00518	0.00237	0.00183	0.03149	0	-1
0.66667	0.85714	0.2093	0.13399	0	0.00115	0.00034	0.00046	0.00019	0.42258	0.22824	0.00044	0.00004	0.00011	0.00033	0.00018	0
0.66667	0.42857	0.06977	0.02506	0.0044	0.00136	0.00028	0.00025	0	0.08528	0.06664	0.00022	0.00025	0	0.00006	0	-1
0.66667	0.71429	0.2093	0.06996	0.00001	0.001	0.00012	0.00009	0	0.0559	0.05003	0.00055	0.00028	0.00046	0.00089	0.00018	0
0.66667	0.14286	0.02326	0.01624	0	0.00136	0.00047	0.00066	0	0.13649	0.06917	0.00033	0	0	0.00028	0	0
0.66667	1	0.23256	0.27106	0.01265	0.00791	0.00892	0.00341	0.00491	0.10804	0.1994	0.00946	0.00931	0.00656	0.00312	0.00385	1
0.66667	0.71429	0.16279	0.13859	0	0.05189	0.03893	0.02292	0.03816	0.07332	0.08623	0.00608	0.00034	0.00293	0.00167	0	-1
0.83333	0.57143	0.13953	0.23847	0.03117	0.22421	0.32851	0.21221	0.12507	0.07857	0.08356	0.07885	0.0103	0.04083	0.0786	0.10746	0
0.66667	0.71429	0.25581	0.21803	0.00026	0.00144	0.00071	0.00042	0.00008	0.07847	0.08868	0.00093	0.00029	0.00047	0.00089	0.00018	0
0.66667	1	0.16279	0.19782	0.00007	0.00968	0.00585	0.00501	0.00357	0.13035	0.10876	0.00236	0.00008	0.00293	0.00265	0.00158	0
0.66667	0.85714	0.13953	0.11298	0.00012	0.03614	0.03595	0.02454	0.03102	0.07375	0.07455	0.00621	0.00037	0.00427	0.00748	0.0049	1
0.66667	0.85714	0.18605	0.13515	0.00004	0.00079	0.00048	0.00023	0	0.03949	0.05029	0.00058	0.00004	0.00051	0.0022	0	-1
0.66667	0.85714	0.2093	0.19985	0.01247	0.00592	0.00134	0.00104	0.00211	0.31756	0.29978	0.00425	0.00086	0.00159	0.00335	0.00263	1
0.66667	0.42857	0.06977	0.0612	0	0.01777	0.02015	0.0146	0.01063	0.06006	0.05497	0.00517	0.00053	0.00171	0.00346	0	-1
0.66667	1	0.55814	0.20106	0	0.00111	0.00025	0.00021	0.00011	0.0948	0.07815	0.00012	0.00001	0.00004	0.00067	0	0
0.66667	0.57143	0.18605	0.11168	0	0.0009	0.00021	0.00018	0	0.08655	0.0703	0.00025	0	0	0.00092	0	0
0.66667	1	0.34884	0.28121	0.00185	0.00136	0.00056	0.00037	0	0.09621	0.10084	0.00116	0.00016	0.00096	0.0029	0.00053	0
0.66667	0.85714	0.27907	0.17508	0.00003	0.00286	0.00156	0.00067	0.00144	0.18387	0.31005	0.00063	0.00024	0.00103	0.00273	0	0
0.66667	0.71429	0.2093	0.14552	0.00002	0.01185	0.01245	0.00653	0.00565	0.05004	0.05991	0.00623	0.00024	0.00547	0.00329	0	-1
0.66667	0.14286	0.02326	0.01385	0	0.00045	0.00002	0	0	0.01402	0	0	0	0	0.00006	0	0
0.66667	0.71429	0.2093	0.27294	0.49804	0.04362	0.01372	0.00767	0.01072	0.15083	0.19378	0.02638	0.06901	0.01116	0.04767	0	1
0.66667	0.85714	0.16279	0.15012	0.00004	0.00174	0.00154	0.00068	0.00062	0.06809	0.10524	0.00094	0.00019	0.00103	0.00134	0.00053	0
0.83333	0.85714	0.16279	0.2885	0.25991	0.11545	0.05733	0.00963	0.01231	0.05394	0.21143	0.0212	0.07909	0.00586	0.11645	0.00963	0
0.66667	1	0.18605	0.09047	0	0.00068	0.00015	0.00011	0	0.0825	0.07812	0.00045	0.0002	0	0.00078	0.00035	0
0.66667	1	0.2093	0.25105	0.00178	0.00497	0.00298	0.0022	0.00239	0.26147	0.25898	0.00484	0.00138	0.00262	0.00245	0.00123	0
0.66667	1	0.53488	0.65123	0	0.00925	0.00298	0.00133	0.00214	0.17789	0.28909	0.00102	0.00072	0.00004	0.04574	0.00193	0
0.66667	0.85714	0.16279	0.2692	0.00004	0.01026	0.01718	0.00992	0.00394	0.05939	0.06882	0.00207	0.0001	0.00132	0.00047	0.00158	0
0.66667	1	0.2093	0.11578	0.00001	0.01656	0.00621	0.00159	0.00287	0.02597	0.06164	0.0019	0.00138	0.00068	0.00285	0.00035	0
0.66667	0.57143	0.11628	0.07593	0	0.00262	0.00092	0.0003	0.00069	0.03852	0.07694	0.0002	0	0	0.00031	0	-1
0.66667	0.14286	0.02326	0.00227	0	0.00045	0.00007	0	0	0.01662	0	0	0	0	0.00006	0	0
0.83333	1	0.16279	0.23693	0.11946	0.24258	0.07753	0.01812	0.02609	0.06131	0.17653	0.04399	0.02133	0.0249	0.04692	0.0189	0
0.66667	1	0.16279	0.34001	0.00642	0.02672	0.0304	0.02596	0.01514	0.17008	0.14413	0.01634	0.00802	0.01435	0.00597	0.00455	0
0.83333	0.57143	0.11628	0.13191	0.00459	0.06803	0.08011	0.04372	0.03636	0.07487	0.09508	0.01424	0.03741	0.01025	0.01177	0.0098	0
0.83333	0.57143	0.11628	0.14682	0.00214	0.09694	0.06435	0.03976	0.0336	0.08875	0.10077	0.02493	0.00378	0.00574	0.03537	0.02275	0
0.66667	0.85714	0.23256	0.64395	0.31185	0.01044	0.00799	0.00411	0.00448	0.33168	0.47666	0.02308	0.03662	0.00359	0.03648	0.01225	1
0.66667	0.28571	0.04651	0.05855	0.00007	0.00113	0.00099	0.00081	0	0.12461	0.10761	0.00099	0.00241	0.00103	0.03595	0.00018	0
0.83333	1	0.39535	0.32207	0.00003	0.04265	0.03478	0.02032	0.02347	0.07729	0.0915	0.00659	0.00185	0.00398	0.01241	0.01628	0
0.66667	0.28571	0.04651	0.01176	0	0.00203	0.00051	0.00063	0.00086	0.12557	0.07253	0.00049	0.00028	0	0.06296	0	-1
0.16667	1	0.2093	0.30232	0.01034	0.00326	0.00098	0.0008	0.00067	0.29419	0.25761	0.00502	0.007	0.00216	0.00742	0.0028	1
0.83333	0.57143	0.16279	0.18243	0.02599	0.06176	0.0547	0.03058	0.03409	0.09038	0.11194	0.03382	0.01075	0.00791	0.0856	0.0126	0
0.66667	1	0.27907	0.19066	0	0.00068	0.00018	0.00015	0	0.05407	0.04234	0.00008	0.00003	0	0.00181	0	0
0.83333	0.71429	0.13953	0.27445	0.12678	1	1	1	1	0.33843	0.25141	1	0.4173	1	0.49764	1	0
0.66667	0.85714	0.16279	0.19723	0.0054	0.00762	0.00237	0.00188	0.00271	0.25965	0.24101	0.00372	0.00135	0.00073	0.03727	0	-1
0.66667	0.71429	0.11628	0.20621	0.00049	0.0758	0.15214	0.08766	0.0703	0.13134	0.1641	0.02176	0.02998	0.02091	0.06245	0.03623	0
0.83333	0.85714	0.13953	0.23924	0.04244	0.18612	0.10227	0.03843	0.03762	0.09547	0.17927	0.06138	0.24549	0.0135	0.02184	0.08295	0
0.83333	0.71429	0.16279	0.30239	0.0129	0.31105	0.65983	0.41729	0.25096	0.1004	0.11163	0.16787	0.02549	0.07981	0.12095	0.23399	0
